15770
19320
22726
15706
30258
23705
28547
6243
6490
25786
10271
16927
9633
11447
20248
15669
5734
9693
27225
2541
12184
20999
29897
29364
17828
10660
29514
7340
31355
10434
6070
15968
5336
9986
7672
14482
14373
31388
16089
12220
9908
4181
5001
20467
13847
27070
1673
21593
15854
10640
23402
19999
29417
31702
26675
14470
14025
28042
13140
7713
19327
12446
6467
14977
6972
10497
9392
15718
19848
31074
22959
12172
13252
17203
30566
8293
3380
1956
21616
12856
8194
14364
25274
17521
32145
6436
26602
21288
17886
13421
12972
32636
25710
20294
10674
1584
25067
25872
20502
71
192
23782
19178
8274
14714
10850
17607
15877
4926
5915
16271
25835
23935
30332
26531
11021
1497
14158
16088
6835
6122
20375
30610
22125
12076
7808
4737
5236
27467
19079
16051
574
27865
25848
3639
41
22017
31021
8417
23784
21277
19793
17243
18627
14414
9820
4855
29883
30104
29353
